-13983,
-13084,
-12234,
-11433,
-10676,
-9962,
-9288,
-8651,
-8051,
-7484,
-6949,
-6444,
-5967,
-5517,
-5093,
-4692,
-4314,
-3957,
-3620,
-3301,
-3001,
-2718,
-2450,
-2198,
-1959,
-1734,
-1522,
-1322,
-1133,
-954,
-786,
-626,
-476,
-335,
-201,
-75,
44,
156,
262,
362,
457,
546,
630,
710,
785,
856,
923,
986,
1046,
1102,
1155,
1205,
1252,
1297,
1339,
1379,
1416,
1452,
1485,
1517,
1547,
1575,
1601,
1626,
1650,
1672,
1693,
1713,
1732,
1750,
1766,
1782,
1797,
1811,
1824,
1837,
1849,
1860,
1870,
1880,
1890,
1899,
1907,
1915,
1922,
1929,
1936,
1942,
1948,
1954,
1959,
1964,
1969,
1973,
1977,
1981,
1985,
1988,
1992,
1995,
1998,
2001,
2003,
2006,
2008,
2010,
2012,
2014,
2016,
2018,
2020,
2021,
2023,
2024,
2025,
2027,
2028,
2029,
2030,
2031,
2032,
2033,
2034,
2034,
2035,
2036,
2036,
2037,
